n = 2500

0.010000
0.010000
0.010000
0.020000
0.010000
0.010000
0.010000
0.010000
0.010000
0.010000


n = 5000

0.050000
0.040000
0.050000
0.050000
0.040000
0.050000
0.040000
0.050000
0.040000
0.050000


n = 7500

0.100000
0.100000
0.100000
0.100000
0.110000
0.100000
0.100000
0.110000
0.100000
0.100000


n = 10000

0.180000
0.180000
0.180000
0.180000
0.190000
0.180000
0.180000
0.180000
0.180000
0.180000


n = 12500

0.280000
0.290000
0.280000
0.280000
0.290000
0.280000
0.280000
0.280000
0.290000
0.280000


n = 15000

0.410000
0.400000
0.410000
0.410000
0.410000
0.400000
0.410000
0.410000
0.410000
0.400000


n = 17500

0.560000
0.550000
0.560000
0.550000
0.560000
0.550000
0.550000
0.560000
0.550000
0.550000


n = 20000

0.730000
0.730000
0.720000
0.740000
0.720000
0.730000
0.730000
0.730000
0.720000
0.730000


n = 22500

0.910000
0.920000
0.920000
0.920000
0.920000
0.930000
0.910000
0.920000
0.910000
0.920000


n = 25000

1.130000
1.130000
1.130000
1.130000
1.130000
1.130000
1.130000
1.130000
1.130000
1.140000


n = 27500

1.360000
1.360000
1.370000
1.370000
1.370000
1.370000
1.370000
1.370000
1.370000
1.370000


n = 30000

1.630000
1.640000
1.630000
1.630000
1.630000
1.630000
1.630000
1.630000
1.630000
1.630000