n = 1000

0.000000
0.000000
0.000000
0.010000
0.000000
0.000000
0.000000
0.010000
0.000000
0.000000


n = 2000

0.010000
0.010000
0.010000
0.000000
0.010000
0.010000
0.010000
0.010000
0.000000
0.010000


n = 3000

0.020000
0.020000
0.020000
0.010000
0.020000
0.020000
0.020000
0.010000
0.020000
0.020000


n = 4000

0.030000
0.030000
0.040000
0.030000
0.030000
0.030000
0.030000
0.030000
0.040000
0.030000


n = 6000

0.080000
0.060000
0.070000
0.070000
0.070000
0.070000
0.070000
0.070000
0.070000
0.070000


n = 8000

0.120000
0.120000
0.130000
0.120000
0.120000
0.120000
0.130000
0.120000
0.120000
0.120000


n = 10000

0.200000
0.190000
0.190000
0.200000
0.180000
0.190000
0.200000
0.190000
0.190000
0.190000


n = 15000

0.420000
0.430000
0.420000
0.420000
0.440000
0.440000
0.410000
0.420000
0.430000
0.420000


n = 20000

0.740000
0.760000
0.740000
0.740000
0.740000
0.760000
0.740000
0.760000
0.760000
0.770000


n = 30000

1.680000
1.670000
1.700000
1.720000
1.660000
1.720000
1.670000
1.650000
1.700000
1.690000