n = 300

0.010000
0.010000
0.020000
0.010000
0.010000
0.020000
0.010000
0.010000
0.020000
0.010000


n = 400

0.030000
0.030000
0.030000
0.030000
0.030000
0.030000
0.030000
0.030000
0.040000
0.030000


n = 500

0.060000
0.050000
0.050000
0.060000
0.060000
0.060000
0.060000
0.060000
0.060000
0.060000


n = 600

0.100000
0.100000
0.100000
0.100000
0.100000
0.100000
0.110000
0.100000
0.100000
0.100000


n = 700

0.160000
0.170000
0.160000
0.160000
0.160000
0.160000
0.160000
0.170000
0.160000
0.160000


n = 800

0.240000
0.240000
0.240000
0.240000
0.240000
0.240000
0.240000
0.240000
0.240000
0.240000


n = 900

0.340000
0.340000
0.340000
0.340000
0.340000
0.340000
0.340000
0.340000
0.340000
0.340000


n = 1000

0.460000
0.470000
0.470000
0.460000
0.460000
0.470000
0.470000
0.460000
0.470000
0.470000


n = 1100

0.620000
0.620000
0.620000
0.620000
0.620000
0.610000
0.620000
0.620000
0.620000
0.620000


n = 1200

0.800000
0.800000
0.810000
0.800000
0.810000
0.800000
0.800000
0.800000
0.800000
0.800000


n = 1300

1.020000
1.020000
1.030000
1.020000
1.020000
1.010000
1.020000
1.020000
1.020000
1.020000


n = 1400

1.270000
1.270000
1.280000
1.280000
1.270000
1.270000
1.280000
1.270000
1.270000
1.270000


n = 1500

1.570000
1.570000
1.570000
1.570000
1.570000
1.570000
1.570000
1.570000
1.570000
1.570000